Term	uk	features	countries	made	water	cities	man	landscape	towns	villages	townscapes	regions	adults	counties	inland	natural	transport	religious	military	continents	actions	groups	coasts	animals	seascapes	bridges	viaducts	mammals	motions	periods	postures	styles	ruins	weather	residential	fine	agriculture	fishing	named	landmarks	music	children	land	expressive	qualities	shakespeare	clothing	inscriptions	trees	day	effects	literature	times	personal	arts	phenomena	universal	public	domestic	industrial	imagery	classical	entertainment	containers	vessels	municipal	activities	recreational	nudes	individuals	emotions	human	london	ceremonial	astronomy	art	bible	gardening	functions	testament	myths	processes	social	design	works	weapons	furnishings	matter	printed	monuments	gods	reading	flowers	heroes	portraits	writing	plants	body	politics	scientific	concepts	garden	society	dress	structures	conditions	formal	diseases	birth	rank	commercial	death	royalty	birds	trading	old	measuring	machinery	tools	crafts	family	heating	drinking	lighting	eating	nations	relationships	sex	crime	punishment	places	comment	sport	aquatic	fish	fantastic	life	literary	service	ethnicity	miscellaneous	workspaces
uk	0	3881	3775	1996	2208	3338	1996	1961	3338	3338	1867	2421	1235	2282	1295	1354	1101	740	1116	1358	361	593	728	452	728	532	532	363	158	438	158	438	390	296	277	163	250	250	37	129	192	154	188	145	60	88	41	64	134	185	41	88	185	41	155	93	68	120	208	166	26	8	79	114	114	117	134	134	10	10	33	33	114	48	98	30	0	101	36	0	0	36	4	23	23	55	126	43	43	54	0	43	43	0	6	43	43	10	15	16	42	164	16	4	164	37	27	37	10	4	64	10	4	59	64	0	13	28	28	36	17	37	30	37	30	4	30	30	8	8	12	0	84	3	3	1	3	3	3	5	31	0
features	3881	0	2145	3052	1673	1750	3052	1892	1750	1750	3015	600	800	519	1042	988	746	606	613	1554	170	389	587	216	587	562	562	166	70	256	70	256	243	128	172	43	103	103	13	37	53	79	115	64	34	131	28	106	91	99	28	129	99	28	41	61	50	79	33	92	35	9	36	68	68	78	43	43	18	6	18	18	57	23	61	9	10	49	26	10	4	26	3	6	6	31	24	14	14	40	4	14	16	4	2	14	16	9	9	13	23	35	9	9	35	21	16	19	8	2	36	8	2	22	36	6	10	24	24	17	14	4	13	4	13	9	16	16	6	6	16	1	30	1	1	2	1	1	1	8	15	2
countries	3775	2145	0	1198	975	1662	1198	1045	1662	1662	1146	787	571	723	575	551	482	415	473	1275	140	274	367	177	367	280	280	145	67	221	67	221	171	116	137	61	81	81	17	52	72	55	82	49	22	82	22	45	70	73	22	82	73	22	58	39	26	69	75	56	13	7	39	46	46	68	47	47	5	6	10	10	43	20	44	12	0	32	16	0	1	16	2	9	9	23	43	15	15	34	1	15	17	1	2	15	17	7	6	12	13	65	6	4	65	11	12	11	6	2	24	6	2	20	24	0	10	12	12	10	5	14	13	14	13	4	12	12	4	4	13	0	23	1	1	1	1	1	1	4	9	0
made	1996	3052	1198	0	893	994	2292	1254	994	994	2232	311	454	280	524	363	445	320	341	890	83	224	429	121	429	339	339	95	35	137	35	137	150	75	89	15	68	68	5	60	26	45	76	29	11	59	13	74	46	48	13	59	48	13	16	31	27	52	10	56	16	0	21	37	37	51	26	26	10	4	7	7	22	9	26	0	8	33	13	8	0	13	1	0	0	15	8	11	11	26	0	11	9	0	1	11	9	3	5	6	14	11	4	3	11	10	4	10	6	1	20	6	1	12	20	5	5	12	12	9	7	1	7	1	7	3	8	8	6	6	9	0	8	1	1	1	1	0	1	4	7	0
water	2208	1673	975	893	0	766	893	923	766	766	860	418	548	367	1274	664	1099	183	327	557	85	251	361	151	361	321	321	104	33	75	33	75	84	102	105	18	63	63	1	33	28	46	47	35	18	63	9	26	60	96	9	63	96	9	18	81	28	37	6	59	11	9	13	30	30	36	48	48	12	0	11	11	41	13	45	3	1	20	10	1	6	10	0	1	1	14	6	4	4	14	4	4	6	4	0	4	6	3	3	0	22	42	4	0	42	16	7	14	1	0	26	1	0	25	26	1	0	13	13	11	9	0	7	0	7	0	12	12	12	12	1	0	36	2	2	6	2	3	1	0	17	0
cities	3338	1750	1662	994	766	0	994	811	1662	1662	984	662	454	660	441	374	387	359	421	1002	112	225	288	123	288	231	231	102	56	197	56	197	138	78	111	56	73	73	15	10	63	40	62	40	18	49	13	41	48	54	13	49	54	13	52	28	19	62	71	49	10	1	33	39	39	61	34	34	4	6	9	9	0	17	30	11	0	28	12	0	0	12	2	9	9	15	41	15	15	24	0	15	15	0	2	15	15	3	5	10	9	57	5	2	57	7	9	7	1	2	18	1	2	14	18	0	9	6	6	10	4	13	11	13	11	2	8	8	2	2	12	0	21	1	1	1	1	1	1	1	6	0
man	1996	3052	1198	2292	893	994	0	1254	994	994	2232	311	454	280	524	363	445	320	341	890	83	224	429	121	429	339	339	95	35	137	35	137	150	75	89	15	68	68	5	60	26	45	76	29	11	59	13	74	46	48	13	59	48	13	16	31	27	52	10	56	16	0	21	37	37	51	26	26	10	4	7	7	22	9	26	0	8	33	13	8	0	13	1	0	0	15	8	11	11	26	0	11	9	0	1	11	9	3	5	6	14	11	4	3	11	10	4	10	6	1	20	6	1	12	20	5	5	12	12	9	7	1	7	1	7	3	8	8	6	6	9	0	8	1	1	1	1	0	1	4	7	0
landscape	1961	1892	1045	1254	923	811	1254	0	811	811	1223	396	387	370	681	388	296	233	531	651	108	141	274	181	274	259	259	132	43	116	43	116	189	123	102	20	64	64	11	31	29	38	54	36	21	92	12	40	60	89	12	90	89	12	22	49	21	21	8	52	23	14	14	19	19	21	36	36	19	9	15	15	16	6	38	2	8	27	15	8	7	15	0	0	0	20	4	3	3	18	3	3	21	3	4	3	21	10	2	8	17	50	3	2	50	14	6	11	4	0	7	4	0	16	7	4	7	3	3	8	8	0	8	0	8	2	12	12	14	14	3	0	18	0	0	10	0	10	0	2	3	0
towns	3338	1750	1662	994	766	1662	994	811	0	1662	984	662	454	660	441	374	387	359	421	1002	112	225	288	123	288	231	231	102	56	197	56	197	138	78	111	56	73	73	15	10	63	40	62	40	18	49	13	41	48	54	13	49	54	13	52	28	19	62	71	49	10	1	33	39	39	61	34	34	4	6	9	9	0	17	30	11	0	28	12	0	0	12	2	9	9	15	41	15	15	24	0	15	15	0	2	15	15	3	5	10	9	57	5	2	57	7	9	7	1	2	18	1	2	14	18	0	9	6	6	10	4	13	11	13	11	2	8	8	2	2	12	0	21	1	1	1	1	1	1	1	6	0
villages	3338	1750	1662	994	766	1662	994	811	1662	0	984	662	454	660	441	374	387	359	421	1002	112	225	288	123	288	231	231	102	56	197	56	197	138	78	111	56	73	73	15	10	63	40	62	40	18	49	13	41	48	54	13	49	54	13	52	28	19	62	71	49	10	1	33	39	39	61	34	34	4	6	9	9	0	17	30	11	0	28	12	0	0	12	2	9	9	15	41	15	15	24	0	15	15	0	2	15	15	3	5	10	9	57	5	2	57	7	9	7	1	2	18	1	2	14	18	0	9	6	6	10	4	13	11	13	11	2	8	8	2	2	12	0	21	1	1	1	1	1	1	1	6	0
townscapes	1867	3015	1146	2232	860	984	2232	1223	984	984	0	287	433	256	504	339	426	301	315	862	81	218	419	104	419	333	333	82	35	130	35	130	129	65	82	14	64	64	5	8	24	39	70	27	11	56	12	72	46	45	12	56	45	12	15	26	24	47	9	54	14	0	20	35	35	46	23	23	10	4	7	7	22	9	26	0	8	31	13	8	0	13	1	0	0	14	8	11	11	20	0	11	9	0	1	11	9	3	5	6	13	11	4	3	11	9	4	9	5	1	20	5	1	9	20	5	5	12	12	8	7	1	7	1	7	3	8	8	6	6	9	0	8	1	1	1	1	0	1	4	7	0
regions	2421	600	787	311	418	662	311	396	662	662	287	0	301	723	225	208	240	145	257	4	105	143	174	125	174	85	85	99	48	101	48	101	90	83	62	51	74	74	13	24	60	42	47	40	18	1	16	8	32	50	16	1	50	16	49	22	20	21	68	44	7	1	21	33	33	20	40	40	3	4	9	9	43	13	25	9	0	30	10	0	0	10	1	7	7	13	41	14	14	10	0	14	14	0	4	14	14	2	4	3	13	52	4	10	52	11	9	11	3	1	19	3	1	17	19	0	2	10	10	8	4	12	8	12	8	9	9	9	3	3	0	0	22	1	1	0	1	1	1	1	9	0
adults	1235	800	571	454	548	454	454	387	454	454	433	301	0	275	255	216	383	237	190	279	274	426	230	212	230	108	108	149	151	89	151	89	72	95	55	55	111	111	38	21	68	60	90	75	36	102	52	52	47	48	52	99	48	52	57	37	51	36	68	37	50	21	37	57	57	32	47	47	49	27	25	25	14	20	39	13	16	43	34	16	13	34	17	9	9	27	38	21	21	13	10	21	17	10	21	21	17	50	9	9	29	21	7	11	21	29	11	26	12	11	25	12	11	21	25	8	7	15	15	10	14	13	16	13	16	9	20	20	21	21	4	6	20	1	1	11	1	12	4	8	10	2
counties	2282	519	723	280	367	660	280	370	660	660	256	723	275	0	190	171	221	136	251	0	98	129	169	119	169	65	65	94	44	99	44	99	86	79	51	48	72	72	11	24	55	38	44	39	15	1	11	7	28	50	11	1	50	11	45	20	20	20	67	40	7	1	18	29	29	19	37	37	3	2	8	8	0	13	25	8	0	29	8	0	0	8	1	7	7	13	40	14	14	8	0	14	13	0	2	14	13	1	3	2	13	46	3	0	46	11	7	11	1	1	16	1	1	16	16	0	2	5	5	8	4	12	8	12	8	0	8	8	2	2	0	0	21	1	1	0	1	1	1	0	8	0
inland	1295	1042	575	524	1274	441	524	681	441	441	504	225	255	190	0	442	309	123	188	350	58	98	36	105	36	239	239	70	24	52	24	52	59	41	66	13	31	31	0	20	21	32	20	21	9	42	6	7	51	66	6	42	66	6	14	54	13	15	4	30	10	4	9	13	13	14	33	33	12	0	6	6	31	3	31	2	1	9	6	1	2	6	0	0	0	3	3	2	2	8	1	2	6	1	0	2	6	2	2	0	8	36	2	0	36	9	3	7	1	0	10	1	0	17	10	1	0	6	6	2	4	0	5	0	5	0	9	9	10	10	0	0	22	0	0	4	0	3	1	0	8	0
natural	1354	988	551	363	664	374	363	388	374	374	339	208	216	171	442	0	250	101	176	345	69	97	98	87	98	142	142	62	20	38	20	38	62	51	37	6	31	31	2	24	11	29	28	32	15	46	4	9	33	42	4	46	42	4	6	106	14	14	3	28	14	8	5	16	16	13	21	21	7	2	12	12	29	6	22	1	0	13	10	0	2	10	0	0	0	13	4	0	0	7	2	0	3	2	1	0	3	5	3	0	9	7	3	2	7	11	3	10	2	0	12	2	0	11	12	0	0	5	5	9	5	1	3	1	3	2	4	4	6	6	0	0	23	0	0	3	0	4	1	2	9	0
transport	1101	746	482	445	1099	387	445	296	387	387	426	240	383	221	309	250	0	92	182	242	57	201	354	117	354	100	100	97	19	43	19	43	35	73	54	8	65	65	5	19	12	27	139	22	10	30	10	27	11	34	10	30	34	10	8	29	16	26	2	44	2	6	7	35	35	26	25	25	1	2	6	6	13	12	19	1	1	31	11	1	4	11	0	1	1	22	6	11	11	6	3	11	4	3	1	11	4	2	2	0	15	6	3	0	6	10	4	10	3	0	20	3	0	10	20	1	0	9	9	18	5	0	5	0	5	0	6	6	3	3	1	0	15	2	2	3	2	0	0	2	9	0
religious	740	606	415	320	183	359	320	233	359	359	301	145	237	136	123	101	92	0	76	271	123	141	55	106	55	63	63	66	56	121	56	121	74	40	32	20	39	39	11	19	24	34	32	41	19	77	16	21	15	18	16	76	18	16	19	25	81	25	2	11	98	7	11	12	12	22	14	14	32	8	15	15	6	41	15	4	13	18	22	13	4	22	2	3	3	8	9	12	12	17	3	12	9	3	2	12	9	8	8	10	22	2	5	3	2	18	4	14	4	2	11	4	2	12	11	8	5	10	10	1	6	3	4	3	4	1	12	12	17	17	2	0	6	1	1	10	1	14	3	4	5	0
military	1116	613	473	341	327	421	341	531	421	421	315	257	190	251	188	176	182	76	0	218	66	99	128	76	128	89	89	67	19	88	19	88	151	30	30	10	34	34	10	26	19	22	43	32	13	21	8	22	16	23	8	21	23	8	11	15	3	11	1	31	0	5	11	19	19	9	26	26	3	10	11	11	2	11	21	1	0	18	11	0	0	11	3	0	0	29	6	4	4	0	0	4	5	0	2	4	5	4	4	3	3	10	4	2	10	9	2	9	3	3	15	3	3	3	15	0	1	3	3	14	5	0	8	0	8	2	10	10	1	1	1	0	10	0	0	0	0	1	2	5	3	0
continents	1358	1554	1275	890	557	1002	890	651	1002	1002	862	4	279	0	350	345	242	271	218	0	38	134	193	53	193	197	197	47	22	120	22	120	83	33	75	11	8	8	6	28	14	14	35	9	4	81	11	37	38	23	11	81	23	11	10	17	6	48	8	12	6	6	19	17	17	48	7	7	2	4	1	1	0	7	19	3	0	3	6	0	1	6	1	2	2	10	2	1	1	24	1	1	4	1	0	1	4	6	2	9	0	14	2	4	14	0	3	0	3	1	5	3	1	3	5	0	8	2	2	2	1	2	5	2	5	4	3	3	1	1	13	0	1	0	0	1	0	0	0	3	0	0
actions	361	170	140	83	85	112	83	108	112	112	81	105	274	98	58	69	57	123	66	38	0	128	47	153	47	12	12	66	218	20	218	20	7	30	5	33	29	29	23	2	41	43	30	137	42	71	35	7	12	15	35	68	15	35	36	26	52	10	55	15	66	20	21	24	24	9	33	33	68	17	39	39	4	15	30	7	21	10	62	21	12	62	10	4	4	16	45	13	13	1	9	13	8	9	10	13	8	9	7	9	31	5	6	3	5	32	3	28	8	9	12	8	9	5	12	10	5	10	10	0	15	8	14	8	14	3	16	16	28	28	2	1	4	0	0	16	0	12	1	9	4	0
groups	593	389	274	224	251	225	224	141	225	225	218	143	426	129	98	97	201	141	99	134	128	0	118	94	118	41	41	54	60	54	60	54	19	41	26	21	30	30	11	6	37	38	48	39	9	44	24	19	8	22	24	44	22	24	22	15	36	24	26	15	34	7	22	22	22	22	28	28	16	6	9	9	11	19	15	2	7	10	19	7	2	19	3	1	1	13	10	6	6	8	2	6	7	2	2	6	7	8	7	7	14	8	5	4	8	13	0	13	9	3	19	9	3	16	19	3	5	12	12	4	5	4	12	4	12	3	2	2	11	11	3	0	5	0	0	4	0	3	2	6	9	0
coasts	728	587	367	429	361	288	429	274	288	288	419	174	230	169	36	98	354	55	128	193	47	118	0	43	879	22	22	27	19	12	19	12	22	127	22	5	47	47	1	10	7	15	29	22	13	21	4	18	6	53	4	21	53	4	4	11	21	37	2	20	17	7	3	22	22	37	6	6	10	0	9	9	0	7	21	1	6	22	4	6	6	4	0	1	1	9	2	8	8	2	5	8	2	5	0	8	2	3	1	0	15	0	1	0	0	14	4	13	3	0	9	3	0	6	9	5	0	6	6	8	4	0	2	0	2	0	4	4	2	2	0	0	6	1	1	1	1	2	0	2	1	0
animals	452	216	177	121	151	123	121	181	123	123	104	125	212	119	105	87	117	106	76	53	153	94	43	0	43	47	47	228	44	38	44	38	51	40	24	14	72	72	9	17	21	45	71	43	12	62	19	4	15	20	19	61	20	19	14	23	41	13	13	23	29	17	10	30	30	13	34	34	34	4	11	11	5	8	27	1	12	34	24	12	9	24	4	1	1	23	12	6	6	9	3	6	12	3	1	6	12	8	2	3	31	8	2	1	8	16	1	16	16	1	11	16	1	45	11	11	2	7	7	9	2	2	4	2	4	1	10	10	23	23	1	3	12	3	3	24	3	0	0	12	2	3
seascapes	728	587	367	429	361	288	429	274	288	288	419	174	230	169	36	98	354	55	128	193	47	118	879	43	0	22	22	27	19	12	19	12	22	127	22	5	47	47	1	10	7	15	29	22	13	21	4	18	6	53	4	21	53	4	4	11	21	37	2	20	17	7	3	22	22	37	6	6	10	0	9	9	0	7	21	1	6	22	4	6	6	4	0	1	1	9	2	8	8	2	5	8	2	5	0	8	2	3	1	0	15	0	1	0	0	14	4	13	3	0	9	3	0	6	9	5	0	6	6	8	4	0	2	0	2	0	4	4	2	2	0	0	6	1	1	1	1	2	0	2	1	0
bridges	532	562	280	339	321	231	339	259	231	231	333	85	108	65	239	142	100	63	89	197	12	41	22	47	22	0	460	40	6	33	6	33	32	10	28	3	16	16	0	6	5	11	18	3	0	18	1	10	14	11	1	18	11	1	3	11	2	9	2	18	2	3	2	5	5	8	5	5	0	0	0	0	16	1	8	0	0	9	1	0	0	1	0	0	0	10	0	0	0	8	0	0	0	0	0	0	0	2	2	0	1	6	1	2	6	0	0	0	2	0	4	2	0	5	4	0	0	5	5	10	1	0	0	0	0	2	1	1	3	3	0	0	8	0	0	0	0	1	1	2	1	0
viaducts	532	562	280	339	321	231	339	259	231	231	333	85	108	65	239	142	100	63	89	197	12	41	22	47	22	460	0	40	6	33	6	33	32	10	28	3	16	16	0	6	5	11	18	3	0	18	1	10	14	11	1	18	11	1	3	11	2	9	2	18	2	3	2	5	5	8	5	5	0	0	0	0	16	1	8	0	0	9	1	0	0	1	0	0	0	10	0	0	0	8	0	0	0	0	0	0	0	2	2	0	1	6	1	2	6	0	0	0	2	0	4	2	0	5	4	0	0	5	5	10	1	0	0	0	0	2	1	1	3	3	0	0	8	0	0	0	0	1	1	2	1	0
mammals	363	166	145	95	104	102	95	132	102	102	82	99	149	94	70	62	97	66	67	47	66	54	27	228	27	40	40	0	21	30	21	30	44	28	17	7	62	62	6	13	11	31	63	22	3	28	15	3	14	13	15	28	13	15	7	10	16	11	7	19	7	7	7	18	18	11	19	19	6	3	2	2	4	5	16	1	4	28	11	4	2	11	2	1	1	17	10	4	4	7	0	4	9	0	1	4	9	6	1	2	11	3	1	1	3	6	1	6	8	0	11	8	0	10	11	3	2	4	4	9	2	2	4	2	4	1	8	8	1	1	1	2	10	1	1	2	1	0	0	5	2	2
motions	158	70	67	35	33	56	35	43	56	56	35	48	151	44	24	20	19	56	19	22	218	60	19	44	19	6	6	21	0	10	155	10	0	16	3	24	19	19	11	0	27	15	10	40	18	27	20	5	8	7	20	26	7	20	26	8	25	2	35	4	32	9	12	11	11	2	13	13	34	8	15	15	1	4	15	5	9	8	15	9	6	15	4	3	3	6	25	7	7	1	5	7	5	5	6	7	5	3	3	3	14	4	3	3	4	13	3	10	3	3	3	3	3	1	3	4	1	3	3	0	6	4	7	4	7	3	6	6	10	10	1	1	3	0	0	3	0	8	0	2	1	0
periods	438	256	221	137	75	197	137	116	197	197	130	101	89	99	52	38	43	121	88	120	20	54	12	38	12	33	33	30	10	0	10	279	80	9	38	6	15	15	2	7	11	15	20	5	4	22	8	19	6	9	8	22	9	8	7	6	8	17	3	2	7	1	12	3	3	17	7	7	1	2	0	0	2	0	10	1	0	8	5	0	0	5	1	0	0	0	4	0	0	12	0	0	1	0	2	0	1	2	1	2	1	14	1	0	14	0	4	0	1	1	4	1	1	8	4	0	2	4	4	1	1	1	0	1	0	0	1	1	0	0	6	0	4	0	0	0	0	0	0	0	3	0
postures	158	70	67	35	33	56	35	43	56	56	35	48	151	44	24	20	19	56	19	22	218	60	19	44	19	6	6	21	155	10	0	10	0	16	3	24	19	19	11	0	27	15	10	40	18	27	20	5	8	7	20	26	7	20	26	8	25	2	35	4	32	9	12	11	11	2	13	13	34	8	15	15	1	4	15	5	9	8	15	9	6	15	4	3	3	6	25	7	7	1	5	7	5	5	6	7	5	3	3	3	14	4	3	3	4	13	3	10	3	3	3	3	3	1	3	4	1	3	3	0	6	4	7	4	7	3	6	6	10	10	1	1	3	0	0	3	0	8	0	2	1	0
styles	438	256	221	137	75	197	137	116	197	197	130	101	89	99	52	38	43	121	88	120	20	54	12	38	12	33	33	30	10	279	10	0	80	9	38	6	15	15	2	7	11	15	20	5	4	22	8	19	6	9	8	22	9	8	7	6	8	17	3	2	7	1	12	3	3	17	7	7	1	2	0	0	2	0	10	1	0	8	5	0	0	5	1	0	0	0	4	0	0	12	0	0	1	0	2	0	1	2	1	2	1	14	1	0	14	0	4	0	1	1	4	1	1	8	4	0	2	4	4	1	1	1	0	1	0	0	1	1	0	0	6	0	4	0	0	0	0	0	0	0	3	0
ruins	390	243	171	150	84	138	150	189	138	138	129	90	72	86	59	62	35	74	151	83	7	19	22	51	22	32	32	44	0	80	0	80	0	16	7	2	23	23	0	21	2	11	10	5	1	20	0	6	12	9	0	20	9	0	2	5	5	8	0	2	3	0	4	12	12	8	6	6	2	0	1	1	0	0	7	0	2	9	0	2	0	0	0	0	0	3	0	0	0	7	0	0	3	0	0	0	3	0	0	0	2	2	0	2	2	4	0	4	2	0	0	2	0	3	0	2	0	0	0	2	0	0	0	0	0	2	2	2	0	0	4	0	8	0	0	0	0	0	0	2	0	0
weather	296	128	116	75	102	78	75	123	78	78	65	83	95	79	41	51	73	40	30	33	30	41	127	40	127	10	10	28	16	9	16	9	16	0	4	4	31	31	3	10	4	12	12	7	9	19	5	3	7	26	5	19	26	5	4	7	20	10	2	5	10	3	0	13	13	10	5	5	7	3	8	8	2	4	12	1	5	13	4	5	2	4	0	0	0	1	0	7	7	6	1	7	1	1	2	7	1	2	0	0	19	0	0	0	0	14	1	13	4	0	3	4	0	4	3	5	0	2	2	0	1	0	0	0	0	0	2	2	3	3	0	0	5	1	1	2	1	2	0	2	1	0
residential	277	172	137	89	105	111	89	102	111	111	82	62	55	51	66	37	54	32	30	75	5	26	22	24	22	28	28	17	3	38	3	38	7	4	0	5	6	6	0	7	7	5	15	1	2	13	2	4	8	8	2	13	8	2	5	1	2	2	1	3	1	0	2	5	5	2	6	6	0	0	0	0	10	0	11	1	0	2	1	0	0	1	0	0	0	0	0	0	0	2	0	0	4	0	0	0	4	0	0	4	1	17	0	0	17	1	2	1	0	0	1	0	0	3	1	0	4	2	2	1	0	0	2	0	2	0	0	0	0	0	0	0	1	1	1	0	1	0	0	0	0	0
fine	163	43	61	15	18	56	15	20	56	56	14	51	55	48	13	6	8	20	10	11	33	21	5	14	5	3	3	7	24	6	24	6	2	4	5	0	1	1	22	1	82	6	3	7	5	4	9	2	4	5	9	3	5	9	79	0	3	2	33	0	4	1	23	3	3	2	8	8	4	4	5	5	2	1	6	23	4	1	1	4	1	1	3	18	18	3	23	5	5	3	1	5	6	1	4	5	6	0	1	1	1	12	1	1	12	4	0	2	0	3	0	0	3	4	0	2	0	0	0	0	4	8	1	8	1	1	0	0	0	0	0	0	0	0	0	1	0	1	0	0	0	0
agriculture	250	103	81	68	63	73	68	64	73	73	64	74	111	72	31	31	65	39	34	8	29	30	47	72	47	16	16	62	19	15	19	15	23	31	6	1	0	161	1	4	3	5	33	8	1	4	5	1	4	1	5	4	1	5	1	4	15	7	3	12	4	2	2	30	30	7	0	0	8	1	1	1	1	0	9	0	1	70	1	1	1	1	0	0	0	7	2	15	15	0	0	15	7	0	1	15	7	0	0	0	11	1	0	1	1	2	0	2	1	0	4	1	0	2	4	1	0	4	4	8	1	1	0	1	0	1	6	6	5	5	0	0	11	2	2	2	2	0	0	0	0	4
fishing	250	103	81	68	63	73	68	64	73	73	64	74	111	72	31	31	65	39	34	8	29	30	47	72	47	16	16	62	19	15	19	15	23	31	6	1	161	0	1	4	3	5	33	8	1	4	5	1	4	1	5	4	1	5	1	4	15	7	3	12	4	2	2	30	30	7	0	0	8	1	1	1	1	0	9	0	1	70	1	1	1	1	0	0	0	7	2	15	15	0	0	15	7	0	1	15	7	0	0	0	11	1	0	1	1	2	0	2	1	0	4	1	0	2	4	1	0	4	4	8	1	1	0	1	0	1	6	6	5	5	0	0	11	2	2	2	2	0	0	0	0	4
named	37	13	17	5	1	15	5	11	15	15	5	13	38	11	0	2	5	11	10	6	23	11	1	9	1	0	0	6	11	2	11	2	0	3	0	22	1	1	0	0	9	2	4	7	4	4	8	4	1	1	8	4	1	8	13	2	1	2	10	1	3	1	6	1	1	0	4	4	4	28	4	4	0	2	1	15	1	1	3	1	0	3	10	14	14	4	7	2	2	1	0	2	4	0	22	2	4	3	3	1	1	2	3	3	2	1	0	1	0	10	0	0	10	0	0	0	0	0	0	0	2	3	0	3	0	2	0	0	1	1	0	0	1	0	0	0	0	3	2	1	0	0
landmarks	129	37	52	60	33	10	60	31	10	10	8	24	21	24	20	24	19	19	26	28	2	6	10	17	10	6	6	13	0	7	0	7	21	10	7	1	4	4	0	0	2	6	6	2	0	3	1	2	0	3	1	3	3	1	1	5	3	5	1	2	2	0	1	2	2	5	3	3	0	0	0	0	0	0	0	0	0	2	0	0	0	0	0	0	0	1	0	0	0	6	0	0	0	0	0	0	0	0	0	0	1	0	0	0	0	1	0	1	1	0	0	1	0	3	0	0	0	0	0	1	0	0	0	0	0	0	0	0	0	0	0	0	0	0	0	0	0	0	0	0	0	0
music	192	53	72	26	28	63	26	29	63	63	24	60	68	55	21	11	12	24	19	14	41	37	7	21	7	5	5	11	27	11	27	11	2	4	7	82	3	3	9	2	0	13	5	10	9	5	9	0	5	5	9	4	5	9	87	0	3	3	33	0	3	1	45	5	5	2	15	15	3	4	9	9	3	2	9	9	3	2	2	3	1	2	1	5	5	4	22	6	6	2	1	6	5	1	4	6	5	0	4	1	2	13	3	2	13	5	0	3	1	1	1	1	1	6	1	2	0	1	1	0	7	6	2	6	2	2	1	1	1	1	0	0	0	0	0	1	0	2	1	1	0	0
children	154	79	55	45	46	40	45	38	40	40	39	42	60	38	32	29	27	34	22	14	43	38	15	45	15	11	11	31	15	15	15	15	11	12	5	6	5	5	2	6	13	0	13	14	5	5	10	2	4	4	10	5	4	10	7	3	8	6	3	4	5	1	8	11	11	5	24	24	3	2	5	5	3	3	9	1	6	5	9	6	1	9	2	0	0	2	4	3	3	0	1	3	2	1	1	3	2	4	2	4	3	0	1	1	0	3	0	3	3	1	3	3	1	6	3	3	2	5	5	1	10	0	2	0	2	1	1	1	1	1	0	1	6	0	0	0	0	0	1	4	2	0
land	188	115	82	76	47	62	76	54	62	62	70	47	90	44	20	28	139	32	43	35	30	48	29	71	29	18	18	63	10	20	10	20	10	12	15	3	33	33	4	6	5	13	0	8	1	9	7	8	2	4	7	9	4	7	4	2	1	4	0	15	1	1	3	18	18	4	10	10	1	2	1	1	3	2	5	0	1	20	7	1	0	7	0	0	0	11	3	9	9	0	0	9	4	0	1	9	4	1	1	0	1	0	1	0	0	3	0	3	3	0	4	3	0	2	4	1	0	2	2	9	0	0	3	0	3	0	3	3	1	1	0	0	1	0	0	1	0	0	0	2	0	0
expressive	145	64	49	29	35	40	29	36	40	40	27	40	75	39	21	32	22	41	32	9	137	39	22	43	22	3	3	22	40	5	40	5	5	7	1	7	8	8	7	2	10	14	8	0	15	23	7	2	3	7	7	22	7	7	7	9	15	4	14	5	22	8	6	5	5	3	10	10	16	6	15	15	1	7	10	2	9	1	10	9	5	10	4	1	1	9	10	5	5	0	4	5	1	4	2	5	1	2	3	2	7	1	2	0	1	10	0	9	2	4	4	2	4	2	4	4	1	2	2	0	8	3	5	3	5	0	6	6	6	6	1	0	0	0	0	4	0	3	1	2	1	0
qualities	60	34	22	11	18	18	11	21	18	18	11	18	36	15	9	15	10	19	13	4	42	9	13	12	13	0	0	3	18	4	18	4	1	9	2	5	1	1	4	0	9	5	1	15	0	12	4	73	2	3	4	11	3	4	7	8	8	2	4	0	11	3	6	0	0	2	5	5	14	4	27	27	2	1	5	0	5	1	6	5	3	6	2	0	0	2	2	1	1	0	3	1	0	3	1	1	0	4	2	2	7	1	2	0	1	8	101	7	3	1	1	3	1	1	1	3	1	0	0	0	4	1	0	1	0	0	5	5	8	8	0	1	0	0	0	3	0	4	0	3	2	0
shakespeare	88	131	82	59	63	49	59	92	49	49	56	1	102	1	42	46	30	77	21	81	71	44	21	62	21	18	18	28	27	22	27	22	20	19	13	4	4	4	4	3	5	5	9	23	12	0	7	7	10	8	7	129	8	7	6	12	16	6	2	0	34	12	3	5	5	5	7	7	23	4	12	12	0	3	20	1	7	1	12	7	5	12	2	0	0	8	2	2	2	8	3	2	6	3	0	2	6	8	1	7	10	9	0	0	9	16	0	12	8	2	1	8	2	5	1	5	7	2	2	0	2	0	1	0	1	0	2	2	17	17	0	0	0	0	0	9	0	11	1	5	2	0
clothing	41	28	22	13	9	13	13	12	13	13	12	16	52	11	6	4	10	16	8	11	35	24	4	19	4	1	1	15	20	8	20	8	0	5	2	9	5	5	8	1	9	10	7	7	4	7	0	0	4	3	57	5	3	57	9	0	2	6	5	0	2	2	2	5	5	4	5	5	4	7	3	3	1	1	1	2	2	2	8	2	1	8	5	1	1	7	6	3	3	0	1	3	1	1	6	3	1	6	2	4	1	2	2	5	2	1	1	0	0	4	3	0	4	1	3	1	3	2	2	0	2	0	0	0	0	5	3	3	1	1	0	1	1	0	0	0	0	1	2	2	2	0
inscriptions	64	106	45	74	26	41	74	40	41	41	72	8	52	7	7	9	27	21	22	37	7	19	18	4	18	10	10	3	5	19	5	19	6	3	4	2	1	1	4	2	0	2	8	2	73	7	0	0	1	2	0	7	2	0	0	3	4	4	0	1	5	0	0	2	2	4	0	0	2	2	0	0	0	0	0	2	1	1	0	1	0	0	2	2	2	3	0	0	0	4	0	0	1	0	0	0	1	16	0	1	0	1	0	0	1	1	73	0	0	0	0	0	0	1	0	0	1	0	0	1	0	0	0	0	0	0	0	0	1	1	0	2	0	0	0	0	0	1	0	0	1	0
trees	134	91	70	46	60	48	46	60	48	48	46	32	47	28	51	33	11	15	16	38	12	8	6	15	6	14	14	14	8	6	8	6	12	7	8	4	4	4	1	0	5	4	2	3	2	10	4	1	0	12	4	10	12	4	4	11	4	2	1	0	3	2	1	6	6	2	1	1	1	1	1	1	4	1	9	0	4	1	1	4	1	1	1	0	0	2	0	2	2	3	1	2	4	1	0	2	4	0	1	3	3	9	1	0	9	2	1	1	0	1	0	0	1	0	0	2	2	1	1	0	3	0	1	0	1	0	1	1	1	1	0	0	5	0	0	0	0	1	0	1	0	0
day	185	99	73	48	96	54	48	89	54	54	45	50	48	50	66	42	34	18	23	23	15	22	53	20	53	11	11	13	7	9	7	9	9	26	8	5	1	1	1	3	5	4	4	7	3	8	3	2	12	0	3	8	165	3	4	14	7	4	6	6	4	5	1	4	4	4	2	2	2	0	2	2	0	0	30	2	3	0	0	3	3	0	0	1	1	2	2	1	1	2	2	1	6	2	0	1	6	0	1	3	4	5	1	0	5	1	1	1	0	0	5	0	0	5	5	2	3	3	3	1	3	2	1	2	1	0	1	1	0	0	0	0	2	0	0	1	0	1	0	0	2	0
effects	41	28	22	13	9	13	13	12	13	13	12	16	52	11	6	4	10	16	8	11	35	24	4	19	4	1	1	15	20	8	20	8	0	5	2	9	5	5	8	1	9	10	7	7	4	7	57	0	4	3	0	5	3	57	9	0	2	6	5	0	2	2	2	5	5	4	5	5	4	7	3	3	1	1	1	2	2	2	8	2	1	8	5	1	1	7	6	3	3	0	1	3	1	1	6	3	1	6	2	4	1	2	2	5	2	1	1	0	0	4	3	0	4	1	3	1	3	2	2	0	2	0	0	0	0	5	3	3	1	1	0	1	1	0	0	0	0	1	2	2	2	0
literature	88	129	82	59	63	49	59	90	49	49	56	1	99	1	42	46	30	76	21	81	68	44	21	61	21	18	18	28	26	22	26	22	20	19	13	3	4	4	4	3	4	5	9	22	11	129	5	7	10	8	5	0	8	5	4	12	16	6	1	0	34	11	2	5	5	5	7	7	22	4	11	11	0	3	20	1	7	1	11	7	4	11	2	0	0	7	1	2	2	8	2	2	6	2	0	2	6	8	1	7	10	8	0	0	8	14	0	11	8	2	1	8	2	4	1	5	7	2	2	0	2	0	1	0	1	0	2	2	17	17	0	0	0	0	0	9	0	11	1	4	2	0
times	185	99	73	48	96	54	48	89	54	54	45	50	48	50	66	42	34	18	23	23	15	22	53	20	53	11	11	13	7	9	7	9	9	26	8	5	1	1	1	3	5	4	4	7	3	8	3	2	12	165	3	8	0	3	4	14	7	4	6	6	4	5	1	4	4	4	2	2	2	0	2	2	0	0	30	2	3	0	0	3	3	0	0	1	1	2	2	1	1	2	2	1	6	2	0	1	6	0	1	3	4	5	1	0	5	1	1	1	0	0	5	0	0	5	5	2	3	3	3	1	3	2	1	2	1	0	1	1	0	0	0	0	2	0	0	1	0	1	0	0	2	0
personal	41	28	22	13	9	13	13	12	13	13	12	16	52	11	6	4	10	16	8	11	35	24	4	19	4	1	1	15	20	8	20	8	0	5	2	9	5	5	8	1	9	10	7	7	4	7	57	0	4	3	57	5	3	0	9	0	2	6	5	0	2	2	2	5	5	4	5	5	4	7	3	3	1	1	1	2	2	2	8	2	1	8	5	1	1	7	6	3	3	0	1	3	1	1	6	3	1	6	2	4	1	2	2	5	2	1	1	0	0	4	3	0	4	1	3	1	3	2	2	0	2	0	0	0	0	5	3	3	1	1	0	1	1	0	0	0	0	1	2	2	2	0
arts	155	41	58	16	18	52	16	22	52	52	15	49	57	45	14	6	8	19	11	10	36	22	4	14	4	3	3	7	26	7	26	7	2	4	5	79	1	1	13	1	87	7	4	7	7	6	9	0	4	4	9	4	4	9	0	0	2	3	32	0	3	2	34	3	3	3	9	9	4	6	7	7	3	1	5	13	3	1	2	3	2	2	2	7	7	3	21	6	6	2	2	6	7	2	6	6	7	0	1	1	2	12	1	1	12	6	0	2	1	2	1	1	2	4	1	2	0	0	0	0	4	7	2	7	2	1	1	1	1	1	0	0	0	0	0	1	0	2	0	1	0	0
phenomena	93	61	39	31	81	28	31	49	28	28	26	22	37	20	54	106	29	25	15	17	26	15	11	23	11	11	11	10	8	6	8	6	5	7	1	0	4	4	2	5	0	3	2	9	8	12	0	3	11	14	0	12	14	0	0	0	8	3	1	1	14	3	0	1	1	2	4	4	7	2	6	6	1	1	4	0	0	0	6	0	2	6	0	0	0	0	1	0	0	3	2	0	1	2	1	0	1	0	1	0	3	1	0	0	1	4	2	3	0	0	4	0	0	3	4	0	0	2	2	0	0	1	0	1	0	0	0	0	6	6	0	0	4	0	0	3	0	4	1	0	2	0
universal	68	50	26	27	28	19	27	21	19	19	24	20	51	20	13	14	16	81	3	6	52	36	21	41	21	2	2	16	25	8	25	8	5	20	2	3	15	15	1	3	3	8	1	15	8	16	2	4	4	7	2	16	7	2	2	8	0	4	2	1	44	0	1	4	4	3	3	3	18	0	7	7	0	8	12	1	7	7	6	7	0	6	0	1	1	0	1	2	2	5	0	2	7	0	0	2	7	0	1	0	35	0	1	0	0	13	1	12	3	0	0	3	0	4	0	6	0	3	3	0	4	0	0	0	0	0	5	5	5	5	0	0	0	0	0	5	0	2	1	2	2	0
public	120	79	69	52	37	62	52	21	62	62	47	21	36	20	15	14	26	25	11	48	10	24	37	13	37	9	9	11	2	17	2	17	8	10	2	2	7	7	2	5	3	6	4	4	2	6	6	4	2	4	6	6	4	6	3	3	4	0	4	1	5	1	2	6	6	82	4	4	0	2	0	0	1	1	3	1	0	3	4	0	0	4	1	0	0	0	4	1	1	2	0	1	0	0	2	1	0	2	2	2	0	0	0	0	0	1	2	1	0	1	4	0	1	2	4	0	2	1	1	0	0	0	1	0	1	0	0	0	1	1	0	0	0	0	0	0	0	1	4	0	4	0
domestic	208	33	75	10	6	71	10	8	71	71	9	68	68	67	4	3	2	2	1	8	55	26	2	13	2	2	2	7	35	3	35	3	0	2	1	33	3	3	10	1	33	3	0	14	4	2	5	0	1	6	5	1	6	5	32	1	2	4	0	2	0	2	11	12	12	4	7	7	3	4	2	2	0	0	1	7	1	3	5	1	1	5	4	6	6	1	39	9	9	0	1	9	3	1	4	9	3	0	1	0	2	2	1	1	2	2	2	1	0	3	0	0	3	1	0	0	0	0	0	0	3	15	3	15	3	1	0	0	0	0	0	1	1	0	0	0	0	0	0	0	0	0
industrial	166	92	56	56	59	49	56	52	49	49	54	44	37	40	30	28	44	11	31	12	15	15	20	23	20	18	18	19	4	2	4	2	2	5	3	0	12	12	1	2	0	4	15	5	0	0	0	1	0	6	0	0	6	0	0	1	1	1	2	0	0	0	0	4	4	1	7	7	0	0	0	0	4	2	5	0	0	10	2	0	0	2	0	0	0	7	2	0	0	0	0	0	1	0	0	0	1	0	0	0	1	0	1	0	0	2	0	2	0	0	5	0	0	0	5	0	0	4	4	10	0	0	2	0	2	0	2	2	0	0	0	0	0	0	0	0	0	0	0	0	3	0
imagery	26	35	13	16	11	10	16	23	10	10	14	7	50	7	10	14	2	98	0	6	66	34	17	29	17	2	2	7	32	7	32	7	3	10	1	4	4	4	3	2	3	5	1	22	11	34	2	5	3	4	2	34	4	2	3	14	44	5	0	0	0	2	0	0	0	3	2	2	23	2	11	11	0	4	8	1	11	2	8	11	2	8	0	1	1	1	0	2	2	4	1	2	2	1	0	2	2	1	2	0	9	0	0	0	0	13	0	10	2	0	0	2	0	2	0	7	0	4	4	0	3	0	0	0	0	0	2	2	11	11	0	0	0	0	0	6	0	11	2	0	3	0
classical	8	9	7	0	9	1	0	14	1	1	0	1	21	1	4	8	6	7	5	6	20	7	7	17	7	3	3	7	9	1	9	1	0	3	0	1	2	2	1	0	1	1	1	8	3	12	2	0	2	5	2	11	5	2	2	3	0	1	2	0	2	0	1	0	0	1	0	0	6	1	3	3	0	5	2	0	0	0	1	0	21	1	1	0	0	5	2	0	0	0	15	0	0	15	1	0	0	3	0	0	0	1	0	0	1	2	0	1	4	1	0	4	1	0	0	0	0	0	0	0	0	0	0	0	0	0	1	1	2	2	0	0	0	1	1	5	1	1	0	2	1	0
entertainment	79	36	39	21	13	33	21	14	33	33	20	21	37	18	9	5	7	11	11	19	21	22	3	10	3	2	2	7	12	12	12	12	4	0	2	23	2	2	6	1	45	8	3	6	6	3	2	0	1	1	2	2	1	2	34	0	1	2	11	0	0	1	0	4	4	1	8	8	1	4	6	6	2	1	4	4	0	1	2	0	1	2	1	2	2	2	6	2	2	0	1	2	2	1	4	2	2	0	3	0	2	3	2	1	3	3	0	1	2	1	4	2	1	2	4	0	0	1	1	0	3	3	4	3	4	1	2	2	2	2	15	0	0	0	0	0	0	2	1	2	0	0
containers	114	68	46	37	30	39	37	19	39	39	35	33	57	29	13	16	35	12	19	17	24	22	22	30	22	5	5	18	11	3	11	3	12	13	5	3	30	30	1	2	5	11	18	5	0	5	5	2	6	4	5	5	4	5	3	1	4	6	12	4	0	0	4	0	62	6	1	1	2	1	0	0	0	2	5	0	4	17	5	4	0	5	0	0	0	2	9	9	9	0	0	9	3	0	1	9	3	0	0	0	4	1	0	5	1	5	0	5	2	0	8	2	0	3	8	3	0	2	2	0	1	2	4	2	4	4	3	3	2	2	2	0	4	0	0	0	0	0	0	2	2	1
vessels	114	68	46	37	30	39	37	19	39	39	35	33	57	29	13	16	35	12	19	17	24	22	22	30	22	5	5	18	11	3	11	3	12	13	5	3	30	30	1	2	5	11	18	5	0	5	5	2	6	4	5	5	4	5	3	1	4	6	12	4	0	0	4	62	0	6	1	1	2	1	0	0	0	2	5	0	4	17	5	4	0	5	0	0	0	2	9	9	9	0	0	9	3	0	1	9	3	0	0	0	4	1	0	5	1	5	0	5	2	0	8	2	0	3	8	3	0	2	2	0	1	2	4	2	4	4	3	3	2	2	2	0	4	0	0	0	0	0	0	2	2	1
municipal	117	78	68	51	36	61	51	21	61	61	46	20	32	19	14	13	26	22	9	48	9	22	37	13	37	8	8	11	2	17	2	17	8	10	2	2	7	7	0	5	2	5	4	3	2	5	4	4	2	4	4	5	4	4	3	2	3	82	4	1	3	1	1	6	6	0	3	3	0	0	0	0	1	0	3	1	0	3	4	0	0	4	0	0	0	0	3	0	0	2	0	0	0	0	0	0	0	2	0	2	0	0	0	0	0	0	2	0	0	0	4	0	0	2	4	0	2	1	1	0	0	0	0	0	0	0	0	0	0	0	0	0	0	0	0	0	0	0	0	0	3	0
activities	134	43	47	26	48	34	26	36	34	34	23	40	47	37	33	21	25	14	26	7	33	28	6	34	6	5	5	19	13	7	13	7	6	5	6	8	0	0	4	3	15	24	10	10	5	7	5	0	1	2	5	7	2	5	9	4	3	4	7	7	2	0	8	1	1	3	0	61	0	2	5	5	3	2	7	1	0	0	5	0	0	5	1	0	0	4	6	5	5	0	0	5	5	0	2	5	5	1	1	2	1	6	1	1	6	1	0	1	1	1	1	1	1	9	1	0	1	0	0	0	5	3	1	3	1	0	2	2	1	1	0	0	2	0	0	0	0	0	1	1	3	0
recreational	134	43	47	26	48	34	26	36	34	34	23	40	47	37	33	21	25	14	26	7	33	28	6	34	6	5	5	19	13	7	13	7	6	5	6	8	0	0	4	3	15	24	10	10	5	7	5	0	1	2	5	7	2	5	9	4	3	4	7	7	2	0	8	1	1	3	61	0	0	2	5	5	3	2	7	1	0	0	5	0	0	5	1	0	0	4	6	5	5	0	0	5	5	0	2	5	5	1	1	2	1	6	1	1	6	1	0	1	1	1	1	1	1	9	1	0	1	0	0	0	5	3	1	3	1	0	2	2	1	1	0	0	2	0	0	0	0	0	1	1	3	0
nudes	10	18	5	10	12	4	10	19	4	4	10	3	49	3	12	7	1	32	3	2	68	16	10	34	10	0	0	6	34	1	34	1	2	7	0	4	8	8	4	0	3	3	1	16	14	23	4	2	1	2	4	22	2	4	4	7	18	0	3	0	23	6	1	2	2	0	0	0	0	3	12	12	0	1	9	1	7	4	11	7	5	11	2	1	1	2	3	2	2	0	5	2	3	5	1	2	3	4	1	1	10	2	1	0	2	14	2	14	5	2	0	5	2	3	0	6	0	2	2	0	1	0	0	0	0	0	5	5	13	13	0	0	0	0	0	7	0	4	0	3	1	0
individuals	10	6	6	4	0	6	4	9	6	6	4	4	27	2	0	2	2	8	10	4	17	6	0	4	0	0	0	3	8	2	8	2	0	3	0	4	1	1	28	0	4	2	2	6	4	4	7	2	1	0	7	4	0	7	6	2	0	2	4	0	2	1	4	1	1	0	2	2	3	0	4	4	0	2	0	1	0	1	3	0	0	3	8	1	1	4	3	2	2	0	0	2	1	0	21	2	1	3	3	1	1	1	3	3	1	1	0	1	0	8	0	0	8	0	0	0	0	0	0	0	2	1	0	1	0	2	0	0	1	1	0	0	1	0	0	0	0	3	2	1	0	0
emotions	33	18	10	7	11	9	7	15	9	9	7	9	25	8	6	12	6	15	11	1	39	9	9	11	9	0	0	2	15	0	15	0	1	8	0	5	1	1	4	0	9	5	1	15	27	12	3	0	1	2	3	11	2	3	7	6	7	0	2	0	11	3	6	0	0	0	5	5	12	4	0	27	1	1	4	0	5	1	6	5	3	6	2	0	0	2	1	1	1	0	3	1	0	3	1	1	0	0	2	1	6	1	2	0	1	8	0	7	3	1	1	3	1	1	1	3	0	0	0	0	4	1	0	1	0	0	5	5	7	7	0	1	0	0	0	3	0	4	0	3	1	0
human	33	18	10	7	11	9	7	15	9	9	7	9	25	8	6	12	6	15	11	1	39	9	9	11	9	0	0	2	15	0	15	0	1	8	0	5	1	1	4	0	9	5	1	15	27	12	3	0	1	2	3	11	2	3	7	6	7	0	2	0	11	3	6	0	0	0	5	5	12	4	27	0	1	1	4	0	5	1	6	5	3	6	2	0	0	2	1	1	1	0	3	1	0	3	1	1	0	0	2	1	6	1	2	0	1	8	0	7	3	1	1	3	1	1	1	3	0	0	0	0	4	1	0	1	0	0	5	5	7	7	0	1	0	0	0	3	0	4	0	3	1	0
london	114	57	43	22	41	0	22	16	0	0	22	43	14	0	31	29	13	6	2	0	4	11	0	5	0	16	16	4	1	2	1	2	0	2	10	2	1	1	0	0	3	3	3	1	2	0	1	0	4	0	1	0	0	1	3	1	0	1	0	4	0	0	2	0	0	1	3	3	0	0	1	1	0	0	0	1	0	0	2	0	0	2	0	0	0	0	1	0	0	2	0	0	0	0	0	0	0	0	1	1	0	4	1	0	4	0	1	0	2	0	3	2	0	1	3	0	0	4	4	0	0	0	0	0	0	0	1	1	1	1	0	0	1	0	0	0	0	0	0	1	1	0
ceremonial	48	23	20	9	13	17	9	6	17	17	9	13	20	13	3	6	12	41	11	7	15	19	7	8	7	1	1	5	4	0	4	0	0	4	0	1	0	0	2	0	2	3	2	7	1	3	1	0	1	0	1	3	0	1	1	1	8	1	0	2	4	5	1	2	2	0	2	2	1	2	1	1	0	0	0	0	1	0	4	1	2	4	1	0	0	5	3	4	4	0	2	4	0	2	0	4	0	1	3	1	4	0	2	1	0	3	0	3	1	1	2	1	1	0	2	0	0	0	0	0	0	1	3	1	3	0	2	2	1	1	0	0	0	1	1	0	1	0	1	2	0	0
astronomy	98	61	44	26	45	30	26	38	30	30	26	25	39	25	31	22	19	15	21	19	30	15	21	27	21	8	8	16	15	10	15	10	7	12	11	6	9	9	1	0	9	9	5	10	5	20	1	0	9	30	1	20	30	1	5	4	12	3	1	5	8	2	4	5	5	3	7	7	9	0	4	4	0	0	0	2	6	5	0	6	1	0	0	1	1	0	0	2	2	1	1	2	5	1	0	2	5	1	0	3	7	7	0	0	7	5	1	4	4	0	0	4	0	4	0	5	3	1	1	1	3	0	0	0	0	0	5	5	1	1	0	0	0	0	0	0	0	1	0	2	0	0
art	30	9	12	0	3	11	0	2	11	11	0	9	13	8	2	1	1	4	1	3	7	2	1	1	1	0	0	1	5	1	5	1	0	1	1	23	0	0	15	0	9	1	0	2	0	1	2	2	0	2	2	1	2	2	13	0	1	1	7	0	1	0	4	0	0	1	1	1	1	1	0	0	1	0	2	0	1	0	0	1	0	0	2	14	14	0	4	1	1	1	0	1	2	0	1	1	2	0	0	0	1	1	0	0	1	1	0	0	0	2	0	0	2	0	0	0	0	0	0	0	0	2	1	2	1	0	0	0	0	0	0	0	0	0	0	0	0	1	0	0	0	0
bible	0	10	0	8	1	0	8	8	0	0	8	0	16	0	1	0	1	13	0	0	21	7	6	12	6	0	0	4	9	0	9	0	2	5	0	4	1	1	1	0	3	6	1	9	5	7	2	1	4	3	2	7	3	2	3	0	7	0	1	0	11	0	0	4	4	0	0	0	7	0	5	5	0	1	6	1	0	1	1	22	0	1	0	1	1	1	0	2	2	0	0	2	1	0	0	2	1	1	0	0	3	0	0	0	0	4	0	4	5	0	0	5	0	2	0	11	0	0	0	0	5	0	0	0	0	0	1	1	2	2	0	0	0	0	0	1	0	1	0	2	0	0
gardening	101	49	32	33	20	28	33	27	28	28	31	30	43	29	9	13	31	18	18	3	10	10	22	34	22	9	9	28	8	8	8	8	9	13	2	1	70	70	1	2	2	5	20	1	1	1	2	1	1	0	2	1	0	2	1	0	7	3	3	10	2	0	1	17	17	3	0	0	4	1	1	1	0	0	5	0	1	0	1	1	0	1	0	0	0	7	2	8	8	0	0	8	3	0	1	8	3	0	0	0	5	1	0	1	1	1	0	1	1	0	0	1	0	1	0	1	0	2	2	8	1	1	0	1	0	1	3	3	3	3	0	0	6	1	1	1	1	0	0	0	0	3
functions	36	26	16	13	10	12	13	15	12	12	13	10	34	8	6	10	11	22	11	6	62	19	4	24	4	1	1	11	15	5	15	5	0	4	1	1	1	1	3	0	2	9	7	10	6	12	8	0	1	0	8	11	0	8	2	6	6	4	5	2	8	1	2	5	5	4	5	5	11	3	6	6	2	4	0	0	1	1	0	1	0	34	2	0	0	1	9	1	1	0	0	1	0	0	2	1	0	4	1	4	4	0	1	0	0	7	0	7	1	2	5	1	2	0	5	0	3	5	5	0	1	1	2	1	2	0	4	4	5	5	0	0	0	0	0	3	0	1	0	3	2	0
testament	0	10	0	8	1	0	8	8	0	0	8	0	16	0	1	0	1	13	0	0	21	7	6	12	6	0	0	4	9	0	9	0	2	5	0	4	1	1	1	0	3	6	1	9	5	7	2	1	4	3	2	7	3	2	3	0	7	0	1	0	11	0	0	4	4	0	0	0	7	0	5	5	0	1	6	1	22	1	1	0	0	1	0	1	1	1	0	2	2	0	0	2	1	0	0	2	1	1	0	0	3	0	0	0	0	4	0	4	5	0	0	5	0	2	0	11	0	0	0	0	5	0	0	0	0	0	1	1	2	2	0	0	0	0	0	1	0	1	0	2	0	0
myths	0	4	1	0	6	0	0	7	0	0	0	0	13	0	2	2	4	4	0	1	12	2	6	9	6	0	0	2	6	0	6	0	0	2	0	1	1	1	0	0	1	1	0	5	3	5	1	0	1	3	1	4	3	1	2	2	0	0	1	0	2	21	1	0	0	0	0	0	5	0	3	3	0	2	1	0	0	0	0	0	0	0	0	0	0	2	1	0	0	0	13	0	0	13	0	0	0	1	0	0	0	1	0	0	1	2	0	1	2	0	0	2	0	0	0	0	0	0	0	0	0	0	0	0	0	0	1	1	1	1	0	0	0	1	1	4	1	1	0	0	1	0
processes	36	26	16	13	10	12	13	15	12	12	13	10	34	8	6	10	11	22	11	6	62	19	4	24	4	1	1	11	15	5	15	5	0	4	1	1	1	1	3	0	2	9	7	10	6	12	8	0	1	0	8	11	0	8	2	6	6	4	5	2	8	1	2	5	5	4	5	5	11	3	6	6	2	4	0	0	1	1	34	1	0	0	2	0	0	1	9	1	1	0	0	1	0	0	2	1	0	4	1	4	4	0	1	0	0	7	0	7	1	2	5	1	2	0	5	0	3	5	5	0	1	1	2	1	2	0	4	4	5	5	0	0	0	0	0	3	0	1	0	3	2	0
social	4	3	2	1	0	2	1	0	2	2	1	1	17	1	0	0	0	2	3	1	10	3	0	4	0	0	0	2	4	1	4	1	0	0	0	3	0	0	10	0	1	2	0	4	2	2	5	2	1	0	5	2	0	5	2	0	0	1	4	0	0	1	1	0	0	0	1	1	2	8	2	2	0	1	0	2	0	0	2	0	0	2	0	2	2	1	2	3	3	0	0	3	0	0	7	3	0	6	3	1	0	2	3	0	2	0	0	0	0	11	0	0	11	1	0	0	0	0	0	0	1	1	0	1	0	0	0	0	0	0	0	8	0	0	0	0	0	0	1	2	0	0
design	23	6	9	0	1	9	0	0	9	9	0	7	9	7	0	0	1	3	0	2	4	1	1	1	1	0	0	1	3	0	3	0	0	0	0	18	0	0	14	0	5	0	0	1	0	0	1	2	0	1	1	0	1	1	7	0	1	0	6	0	1	0	2	0	0	0	0	0	1	1	0	0	0	0	1	14	1	0	0	1	0	0	2	0	13	0	4	0	0	1	0	0	1	0	1	0	1	0	0	0	0	1	0	0	1	0	0	0	0	2	0	0	2	0	0	0	0	0	0	0	0	2	0	2	0	0	0	0	0	0	0	0	0	0	0	0	0	0	0	0	0	0
works	23	6	9	0	1	9	0	0	9	9	0	7	9	7	0	0	1	3	0	2	4	1	1	1	1	0	0	1	3	0	3	0	0	0	0	18	0	0	14	0	5	0	0	1	0	0	1	2	0	1	1	0	1	1	7	0	1	0	6	0	1	0	2	0	0	0	0	0	1	1	0	0	0	0	1	14	1	0	0	1	0	0	2	13	0	0	4	0	0	1	0	0	1	0	1	0	1	0	0	0	0	1	0	0	1	0	0	0	0	2	0	0	2	0	0	0	0	0	0	0	0	2	0	2	0	0	0	0	0	0	0	0	0	0	0	0	0	0	0	0	0	0
weapons	55	31	23	15	14	15	15	20	15	15	14	13	27	13	3	13	22	8	29	10	16	13	9	23	9	10	10	17	6	0	6	0	3	1	0	3	7	7	4	1	4	2	11	9	2	8	7	3	2	2	7	7	2	7	3	0	0	0	1	7	1	5	2	2	2	0	4	4	2	4	2	2	0	5	0	0	1	7	1	1	2	1	1	0	0	0	1	3	3	0	2	3	4	2	0	3	4	2	1	1	1	0	1	0	0	1	0	1	2	1	1	2	1	2	1	1	0	0	0	7	1	0	1	0	1	0	2	2	1	1	1	0	0	1	1	0	1	1	0	3	0	0
furnishings	126	24	43	8	6	41	8	4	41	41	8	41	38	40	3	4	6	9	6	2	45	10	2	12	2	0	0	10	25	4	25	4	0	0	0	23	2	2	7	0	22	4	3	10	2	2	6	0	0	2	6	1	2	6	21	1	1	4	39	2	0	2	6	9	9	3	6	6	3	3	1	1	1	3	0	4	0	2	9	0	1	9	2	4	4	1	0	8	8	1	1	8	1	1	3	8	1	0	1	3	1	0	0	0	0	4	1	4	0	1	6	0	1	1	6	0	2	0	0	0	1	10	4	10	4	0	2	2	0	0	1	1	1	0	0	0	0	0	1	1	2	0
matter	43	14	15	11	4	15	11	3	15	15	11	14	21	14	2	0	11	12	4	1	13	6	8	6	8	0	0	4	7	0	7	0	0	7	0	5	15	15	2	0	6	3	9	5	1	2	3	0	2	1	3	2	1	3	6	0	2	1	9	0	2	0	2	9	9	0	5	5	2	2	1	1	0	4	2	1	2	8	1	2	0	1	3	0	0	3	8	0	25	0	0	25	2	0	1	25	2	1	3	1	2	0	2	1	0	3	0	2	0	2	0	0	2	0	0	2	0	0	0	0	2	4	2	4	2	0	0	0	0	0	0	1	1	0	0	1	0	1	1	1	0	0
printed	43	14	15	11	4	15	11	3	15	15	11	14	21	14	2	0	11	12	4	1	13	6	8	6	8	0	0	4	7	0	7	0	0	7	0	5	15	15	2	0	6	3	9	5	1	2	3	0	2	1	3	2	1	3	6	0	2	1	9	0	2	0	2	9	9	0	5	5	2	2	1	1	0	4	2	1	2	8	1	2	0	1	3	0	0	3	8	25	0	0	0	25	2	0	1	25	2	1	3	1	2	0	2	1	0	3	0	2	0	2	0	0	2	0	0	2	0	0	0	0	2	4	2	4	2	0	0	0	0	0	0	1	1	0	0	1	0	1	1	1	0	0
monuments	54	40	34	26	14	24	26	18	24	24	20	10	13	8	8	7	6	17	0	24	1	8	2	9	2	8	8	7	1	12	1	12	7	6	2	3	0	0	1	6	2	0	0	0	0	8	0	4	3	2	0	8	2	0	2	3	5	2	0	0	4	0	0	0	0	2	0	0	0	0	0	0	2	0	1	1	0	0	0	0	0	0	0	1	1	0	1	0	0	0	0	0	1	0	0	0	1	1	0	1	1	0	0	0	0	1	0	1	1	0	1	1	0	1	1	0	0	1	1	0	0	0	0	0	0	0	0	0	0	0	0	0	0	0	0	1	0	0	0	0	1	0
gods	0	4	1	0	4	0	0	3	0	0	0	0	10	0	1	2	3	3	0	1	9	2	5	3	5	0	0	0	5	0	5	0	0	1	0	1	0	0	0	0	1	1	0	4	3	3	1	0	1	2	1	2	2	1	2	2	0	0	1	0	1	15	1	0	0	0	0	0	5	0	3	3	0	2	1	0	0	0	0	0	13	0	0	0	0	2	1	0	0	0	0	0	0	12	0	0	0	0	0	0	0	1	0	0	1	2	0	1	1	0	0	1	0	0	0	0	0	0	0	0	0	0	0	0	0	0	1	1	1	1	0	0	0	1	1	1	1	1	0	0	1	0
reading	43	14	15	11	4	15	11	3	15	15	11	14	21	14	2	0	11	12	4	1	13	6	8	6	8	0	0	4	7	0	7	0	0	7	0	5	15	15	2	0	6	3	9	5	1	2	3	0	2	1	3	2	1	3	6	0	2	1	9	0	2	0	2	9	9	0	5	5	2	2	1	1	0	4	2	1	2	8	1	2	0	1	3	0	0	3	8	25	25	0	0	0	2	0	1	25	2	1	3	1	2	0	2	1	0	3	0	2	0	2	0	0	2	0	0	2	0	0	0	0	2	4	2	4	2	0	0	0	0	0	0	1	1	0	0	1	0	1	1	1	0	0
flowers	43	16	17	9	6	15	9	21	15	15	9	14	17	13	6	3	4	9	5	4	8	7	2	12	2	0	0	9	5	1	5	1	3	1	4	6	7	7	4	0	5	2	4	1	0	6	1	1	4	6	1	6	6	1	7	1	7	0	3	1	2	0	2	3	3	0	5	5	3	1	0	0	0	0	5	2	1	3	0	1	0	0	0	1	1	4	1	2	2	1	0	2	0	0	1	2	34	0	0	3	6	3	0	2	3	1	0	0	0	0	0	0	0	0	0	0	3	0	0	0	1	0	1	0	1	1	3	3	0	0	0	0	0	0	0	1	0	2	0	0	0	0
heroes	0	4	1	0	4	0	0	3	0	0	0	0	10	0	1	2	3	3	0	1	9	2	5	3	5	0	0	0	5	0	5	0	0	1	0	1	0	0	0	0	1	1	0	4	3	3	1	0	1	2	1	2	2	1	2	2	0	0	1	0	1	15	1	0	0	0	0	0	5	0	3	3	0	2	1	0	0	0	0	0	13	0	0	0	0	2	1	0	0	0	12	0	0	0	0	0	0	0	0	0	0	1	0	0	1	2	0	1	1	0	0	1	0	0	0	0	0	0	0	0	0	0	0	0	0	0	1	1	1	1	0	0	0	1	1	1	1	1	0	0	1	0
portraits	6	2	2	1	0	2	1	4	2	2	1	4	21	2	0	1	1	2	2	0	10	2	0	1	0	0	0	1	6	2	6	2	0	2	0	4	1	1	22	0	4	1	1	2	1	0	6	0	0	0	6	0	0	6	6	1	0	2	4	0	0	1	4	1	1	0	2	2	1	21	1	1	0	0	0	1	0	1	2	0	0	2	7	1	1	0	3	1	1	0	0	1	1	0	0	1	1	3	2	0	0	1	2	3	1	0	0	0	0	7	0	0	7	0	0	0	0	0	0	0	2	1	0	1	0	2	0	0	0	0	0	0	1	0	0	0	0	1	2	0	0	0
writing	43	14	15	11	4	15	11	3	15	15	11	14	21	14	2	0	11	12	4	1	13	6	8	6	8	0	0	4	7	0	7	0	0	7	0	5	15	15	2	0	6	3	9	5	1	2	3	0	2	1	3	2	1	3	6	0	2	1	9	0	2	0	2	9	9	0	5	5	2	2	1	1	0	4	2	1	2	8	1	2	0	1	3	0	0	3	8	25	25	0	0	25	2	0	1	0	2	1	3	1	2	0	2	1	0	3	0	2	0	2	0	0	2	0	0	2	0	0	0	0	2	4	2	4	2	0	0	0	0	0	0	1	1	0	0	1	0	1	1	1	0	0
plants	43	16	17	9	6	15	9	21	15	15	9	14	17	13	6	3	4	9	5	4	8	7	2	12	2	0	0	9	5	1	5	1	3	1	4	6	7	7	4	0	5	2	4	1	0	6	1	1	4	6	1	6	6	1	7	1	7	0	3	1	2	0	2	3	3	0	5	5	3	1	0	0	0	0	5	2	1	3	0	1	0	0	0	1	1	4	1	2	2	1	0	2	34	0	1	2	0	0	0	3	6	3	0	2	3	1	0	0	0	0	0	0	0	0	0	0	3	0	0	0	1	0	1	0	1	1	3	3	0	0	0	0	0	0	0	1	0	2	0	0	0	0
body	10	9	7	3	3	3	3	10	3	3	3	2	50	1	2	5	2	8	4	6	9	8	3	8	3	2	2	6	3	2	3	2	0	2	0	0	0	0	3	0	0	4	1	2	4	8	6	16	0	0	6	8	0	6	0	0	0	2	0	0	1	3	0	0	0	2	1	1	4	3	0	0	0	1	1	0	1	0	4	1	1	4	6	0	0	2	0	1	1	1	0	1	0	0	3	1	0	0	0	0	0	0	0	1	0	2	4	2	5	1	0	5	1	1	0	0	0	0	0	0	1	0	0	0	0	1	0	0	0	0	0	5	0	0	0	1	0	0	0	2	0	0
politics	15	9	6	5	3	5	5	2	5	5	5	4	9	3	2	3	2	8	4	2	7	7	1	2	1	2	2	1	3	1	3	1	0	0	0	1	0	0	3	0	4	2	1	3	2	1	2	0	1	1	2	1	1	2	1	1	1	2	1	0	2	0	3	0	0	0	1	1	1	3	2	2	1	3	0	0	0	0	1	0	0	1	3	0	0	1	1	3	3	0	0	3	0	0	2	3	0	0	0	1	0	0	7	0	0	1	0	1	1	2	0	1	2	0	0	0	0	0	0	0	1	0	1	0	1	0	0	0	1	1	0	1	0	0	0	0	0	2	2	2	1	0
scientific	16	13	12	6	0	10	6	8	10	10	6	3	9	2	0	0	0	10	3	9	9	7	0	3	0	0	0	2	3	2	3	2	0	0	4	1	0	0	1	0	1	4	0	2	2	7	4	1	3	3	4	7	3	4	1	0	0	2	0	0	0	0	0	0	0	2	2	2	1	1	1	1	1	1	3	0	0	0	4	0	0	4	1	0	0	1	3	1	1	1	0	1	3	0	0	1	3	0	1	0	0	4	1	0	4	0	1	0	0	1	2	0	1	0	2	0	12	0	0	0	1	0	0	0	0	0	1	1	0	0	0	0	1	0	0	0	0	0	0	1	2	0
concepts	42	23	13	14	22	9	14	17	9	9	13	13	29	13	8	9	15	22	3	0	31	14	15	31	15	1	1	11	14	1	14	1	2	19	1	1	11	11	1	1	2	3	1	7	7	10	1	0	3	4	1	10	4	1	2	3	35	0	2	1	9	0	2	4	4	0	1	1	10	1	6	6	0	4	7	1	3	5	4	3	0	4	0	0	0	1	1	2	2	1	0	2	6	0	0	2	6	0	0	0	0	0	1	0	0	9	1	8	3	0	0	3	0	2	0	3	0	1	1	0	1	0	1	0	1	0	3	3	3	3	0	0	0	0	0	6	0	2	0	2	1	0
garden	164	35	65	11	42	57	11	50	57	57	11	52	21	46	36	7	6	2	10	14	5	8	0	8	0	6	6	3	4	14	4	14	2	0	17	12	1	1	2	0	13	0	0	1	1	9	2	1	9	5	2	8	5	2	12	1	0	0	2	0	0	1	3	1	1	0	6	6	2	1	1	1	4	0	7	1	0	1	0	0	1	0	2	1	1	0	0	0	0	0	1	0	3	1	1	0	3	0	0	4	0	0	0	1	75	1	0	0	0	2	0	0	2	5	0	0	4	0	0	0	0	0	1	0	1	1	0	0	0	0	0	0	0	0	0	0	0	0	0	0	0	0
society	16	9	6	4	4	5	4	3	5	5	4	4	7	3	2	3	3	5	4	2	6	5	1	2	1	1	1	1	3	1	3	1	0	0	0	1	0	0	3	0	3	1	1	2	2	0	2	0	1	1	2	0	1	2	1	0	1	0	1	1	0	0	2	0	0	0	1	1	1	3	2	2	1	2	0	0	0	0	1	0	0	1	3	0	0	1	0	2	2	0	0	2	0	0	2	2	0	0	7	1	1	0	0	0	0	0	0	0	1	2	0	1	2	0	0	0	0	0	0	0	1	0	0	0	0	0	0	0	0	0	0	1	0	0	0	0	0	1	0	2	1	0
dress	4	9	4	3	0	2	3	2	2	2	3	10	11	0	0	2	0	3	2	4	3	4	0	1	0	2	2	1	3	0	3	0	2	0	0	1	1	1	3	0	2	1	0	0	0	0	5	0	0	0	5	0	0	5	1	0	0	0	1	0	0	0	1	5	5	0	1	1	0	3	0	0	0	1	0	0	0	1	0	0	0	0	0	0	0	0	0	1	1	0	0	1	2	0	3	1	2	1	0	0	0	1	0	0	1	0	0	0	0	0	0	0	0	0	0	0	0	0	0	0	0	1	0	1	0	10	0	0	0	0	0	0	0	0	0	0	0	0	0	0	0	0
structures	164	35	65	11	42	57	11	50	57	57	11	52	21	46	36	7	6	2	10	14	5	8	0	8	0	6	6	3	4	14	4	14	2	0	17	12	1	1	2	0	13	0	0	1	1	9	2	1	9	5	2	8	5	2	12	1	0	0	2	0	0	1	3	1	1	0	6	6	2	1	1	1	4	0	7	1	0	1	0	0	1	0	2	1	1	0	0	0	0	0	1	0	3	1	1	0	3	0	0	4	0	75	0	1	0	1	0	0	0	2	0	0	2	5	0	0	4	0	0	0	0	0	1	0	1	1	0	0	0	0	0	0	0	0	0	0	0	0	0	0	0	0
conditions	37	21	11	10	16	7	10	14	7	7	9	11	29	11	9	11	10	18	9	0	32	13	14	16	14	0	0	6	13	0	13	0	4	14	1	4	2	2	1	1	5	3	3	10	8	16	1	1	2	1	1	14	1	1	6	4	13	1	2	2	13	2	3	5	5	0	1	1	14	1	8	8	0	3	5	1	4	1	7	4	2	7	0	0	0	1	4	3	3	1	2	3	1	2	0	3	1	2	1	0	9	1	0	0	1	0	0	28	5	0	2	5	0	3	2	4	0	2	2	0	1	1	4	1	4	0	3	3	4	4	0	0	1	0	0	0	0	4	1	2	0	0
formal	27	16	12	4	7	9	4	6	9	9	4	9	11	7	3	3	4	4	2	3	3	0	4	1	4	0	0	1	3	4	3	4	0	1	2	0	0	0	0	0	0	0	0	0	101	0	1	73	1	1	1	0	1	1	0	2	1	2	2	0	0	0	0	0	0	2	0	0	2	0	0	0	1	0	1	0	0	0	0	0	0	0	0	0	0	0	1	0	0	0	0	0	0	0	0	0	0	4	0	1	1	0	0	0	0	0	0	0	0	0	0	0	0	0	0	0	1	0	0	0	0	0	0	0	0	0	0	0	1	1	0	0	0	0	0	0	0	0	0	0	1	0
diseases	37	19	11	10	14	7	10	11	7	7	9	11	26	11	7	10	10	14	9	0	28	13	13	16	13	0	0	6	10	0	10	0	4	13	1	2	2	2	1	1	3	3	3	9	7	12	0	0	1	1	0	11	1	0	2	3	12	1	1	2	10	1	1	5	5	0	1	1	14	1	7	7	0	3	4	0	4	1	7	4	1	7	0	0	0	1	4	2	2	1	1	2	0	1	0	2	0	2	1	0	8	0	0	0	0	28	0	0	5	0	2	5	0	3	2	4	0	2	2	0	1	1	3	1	3	0	3	3	4	4	0	0	1	0	0	0	0	2	1	2	0	0
birth	10	8	6	6	1	1	6	4	1	1	5	3	12	1	1	2	3	4	3	3	8	9	3	16	3	2	2	8	3	1	3	1	2	4	0	0	1	1	0	1	1	3	3	2	3	8	0	0	0	0	0	8	0	0	1	0	3	0	0	0	2	4	2	2	2	0	1	1	5	0	3	3	2	1	4	0	5	1	1	5	2	1	0	0	0	2	0	0	0	1	1	0	0	1	0	0	0	5	1	0	3	0	1	0	0	5	0	5	0	0	1	14	0	2	1	3	0	0	0	0	1	0	0	0	0	0	1	1	4	4	0	0	0	0	0	1	0	0	0	5	0	0
rank	4	2	2	1	0	2	1	0	2	2	1	1	11	1	0	0	0	2	3	1	9	3	0	1	0	0	0	0	3	1	3	1	0	0	0	3	0	0	10	0	1	1	0	4	1	2	4	0	1	0	4	2	0	4	2	0	0	1	3	0	0	1	1	0	0	0	1	1	2	8	1	1	0	1	0	2	0	0	2	0	0	2	11	2	2	1	1	2	2	0	0	2	0	0	7	2	0	1	2	1	0	2	2	0	2	0	0	0	0	0	0	0	11	0	0	0	0	0	0	0	1	0	0	0	0	0	0	0	0	0	0	0	0	0	0	0	0	0	1	1	0	0
commercial	64	36	24	20	26	18	20	7	18	18	20	19	25	16	10	12	20	11	15	5	12	19	9	11	9	4	4	11	3	4	3	4	0	3	1	0	4	4	0	0	1	3	4	4	1	1	3	0	0	5	3	1	5	3	1	4	0	4	0	5	0	0	4	8	8	4	1	1	0	0	1	1	3	2	0	0	0	0	5	0	0	5	0	0	0	1	6	0	0	1	0	0	0	0	0	0	0	0	0	2	0	0	0	0	0	2	0	2	1	0	0	1	0	0	25	0	2	4	4	0	0	1	4	1	4	0	3	3	1	1	2	0	3	0	0	0	0	0	0	1	5	0
death	10	8	6	6	1	1	6	4	1	1	5	3	12	1	1	2	3	4	3	3	8	9	3	16	3	2	2	8	3	1	3	1	2	4	0	0	1	1	0	1	1	3	3	2	3	8	0	0	0	0	0	8	0	0	1	0	3	0	0	0	2	4	2	2	2	0	1	1	5	0	3	3	2	1	4	0	5	1	1	5	2	1	0	0	0	2	0	0	0	1	1	0	0	1	0	0	0	5	1	0	3	0	1	0	0	5	0	5	14	0	1	0	0	2	1	3	0	0	0	0	1	0	0	0	0	0	1	1	4	4	0	0	0	0	0	1	0	0	0	5	0	0
royalty	4	2	2	1	0	2	1	0	2	2	1	1	11	1	0	0	0	2	3	1	9	3	0	1	0	0	0	0	3	1	3	1	0	0	0	3	0	0	10	0	1	1	0	4	1	2	4	0	1	0	4	2	0	4	2	0	0	1	3	0	0	1	1	0	0	0	1	1	2	8	1	1	0	1	0	2	0	0	2	0	0	2	11	2	2	1	1	2	2	0	0	2	0	0	7	2	0	1	2	1	0	2	2	0	2	0	0	0	0	11	0	0	0	0	0	0	0	0	0	0	1	0	0	0	0	0	0	0	0	0	0	0	0	0	0	0	0	0	1	1	0	0
birds	59	22	20	12	25	14	12	16	14	14	9	17	21	16	17	11	10	12	3	3	5	16	6	45	6	5	5	10	1	8	1	8	3	4	3	4	2	2	0	3	6	6	2	2	1	5	1	1	0	5	1	4	5	1	4	3	4	2	1	0	2	0	2	3	3	2	9	9	3	0	1	1	1	0	4	0	2	1	0	2	0	0	1	0	0	2	1	0	0	1	0	0	0	0	0	0	0	1	0	0	2	5	0	0	5	3	0	3	2	0	0	2	0	0	0	2	0	1	1	0	0	0	0	0	0	0	0	0	0	0	0	1	1	0	0	1	0	0	0	2	0	1
trading	64	36	24	20	26	18	20	7	18	18	20	19	25	16	10	12	20	11	15	5	12	19	9	11	9	4	4	11	3	4	3	4	0	3	1	0	4	4	0	0	1	3	4	4	1	1	3	0	0	5	3	1	5	3	1	4	0	4	0	5	0	0	4	8	8	4	1	1	0	0	1	1	3	2	0	0	0	0	5	0	0	5	0	0	0	1	6	0	0	1	0	0	0	0	0	0	0	0	0	2	0	0	0	0	0	2	0	2	1	0	25	1	0	0	0	0	2	4	4	0	0	1	4	1	4	0	3	3	1	1	2	0	3	0	0	0	0	0	0	1	5	0
old	0	6	0	5	1	0	5	4	0	0	5	0	8	0	1	0	1	8	0	0	10	3	5	11	5	0	0	3	4	0	4	0	2	5	0	2	1	1	0	0	2	3	1	4	3	5	1	0	2	2	1	5	2	1	2	0	6	0	0	0	7	0	0	3	3	0	0	0	6	0	3	3	0	0	5	0	11	1	0	11	0	0	0	0	0	1	0	2	2	0	0	2	0	0	0	2	0	0	0	0	3	0	0	0	0	4	0	4	3	0	0	3	0	2	0	0	0	0	0	0	3	0	0	0	0	0	1	1	1	1	0	0	0	0	0	1	0	0	0	2	0	0
measuring	13	10	10	5	0	9	5	7	9	9	5	2	7	2	0	0	0	5	1	8	5	5	0	2	0	0	0	2	1	2	1	2	0	0	4	0	0	0	0	0	0	2	0	1	1	7	3	1	2	3	3	7	3	3	0	0	0	2	0	0	0	0	0	0	0	2	1	1	0	0	0	0	0	0	3	0	0	0	3	0	0	3	0	0	0	0	2	0	0	0	0	0	3	0	0	0	3	0	0	12	0	4	0	0	4	0	1	0	0	0	2	0	0	0	2	0	0	0	0	0	1	0	0	0	0	0	1	1	0	0	0	0	0	0	0	0	0	0	0	0	2	0
machinery	28	24	12	12	13	6	12	3	6	6	12	10	15	5	6	5	9	10	3	2	10	12	6	7	6	5	5	4	3	4	3	4	0	2	2	0	4	4	0	0	1	5	2	2	0	2	2	0	1	3	2	2	3	2	0	2	3	1	0	4	4	0	1	2	2	1	0	0	2	0	0	0	4	0	1	0	0	2	5	0	0	5	0	0	0	0	0	0	0	1	0	0	0	0	0	0	0	0	0	0	1	0	0	0	0	2	0	2	0	0	4	0	0	1	4	0	0	0	17	0	0	0	1	0	1	0	0	0	0	0	0	0	0	0	0	0	0	0	0	0	1	1
tools	28	24	12	12	13	6	12	3	6	6	12	10	15	5	6	5	9	10	3	2	10	12	6	7	6	5	5	4	3	4	3	4	0	2	2	0	4	4	0	0	1	5	2	2	0	2	2	0	1	3	2	2	3	2	0	2	3	1	0	4	4	0	1	2	2	1	0	0	2	0	0	0	4	0	1	0	0	2	5	0	0	5	0	0	0	0	0	0	0	1	0	0	0	0	0	0	0	0	0	0	1	0	0	0	0	2	0	2	0	0	4	0	0	1	4	0	0	17	0	0	0	0	1	0	1	0	0	0	0	0	0	0	0	0	0	0	0	0	0	0	1	1
crafts	36	17	10	9	11	10	9	8	10	10	8	8	10	8	2	9	18	1	14	2	0	4	8	9	8	10	10	9	0	1	0	1	2	0	1	0	8	8	0	1	0	1	9	0	0	0	0	1	0	1	0	0	1	0	0	0	0	0	0	10	0	0	0	0	0	0	0	0	0	0	0	0	0	0	1	0	0	8	0	0	0	0	0	0	0	7	0	0	0	0	0	0	0	0	0	0	0	0	0	0	0	0	0	0	0	0	0	0	0	0	0	0	0	0	0	0	0	0	0	0	0	0	0	0	0	0	0	0	0	0	0	0	0	0	0	0	0	0	0	0	0	0
family	17	14	5	7	9	4	7	8	4	4	7	4	14	4	4	5	5	6	5	1	15	5	4	2	4	1	1	2	6	1	6	1	0	1	0	4	1	1	2	0	7	10	0	8	4	2	2	0	3	3	2	2	3	2	4	0	4	0	3	0	3	0	3	1	1	0	5	5	1	2	4	4	0	0	3	0	5	1	1	5	0	1	1	0	0	1	1	2	2	0	0	2	1	0	2	2	1	1	1	1	1	0	1	0	0	1	0	1	1	1	0	1	1	0	0	3	1	0	0	0	0	0	0	0	0	0	2	2	1	1	0	0	0	0	0	0	0	0	0	0	0	0
heating	37	4	14	1	0	13	1	0	13	13	1	12	13	12	0	1	0	3	0	2	8	4	0	2	0	0	0	2	4	1	4	1	0	0	0	8	1	1	3	0	6	0	0	3	1	0	0	0	0	2	0	0	2	0	7	1	0	0	15	0	0	0	3	2	2	0	3	3	0	1	1	1	0	1	0	2	0	1	1	0	0	1	1	2	2	0	10	4	4	0	0	4	0	0	1	4	0	0	0	0	0	0	0	1	0	1	0	1	0	0	1	0	0	0	1	0	0	0	0	0	0	0	2	18	2	0	0	0	0	0	2	1	1	0	0	0	0	0	0	0	0	0
drinking	30	13	13	7	7	11	7	8	11	11	7	8	16	8	5	3	5	4	8	5	14	12	2	4	2	0	0	4	7	0	7	0	0	0	2	1	0	0	0	0	2	2	3	5	0	1	0	0	1	1	0	1	1	0	2	0	0	1	3	2	0	0	4	4	4	0	1	1	0	0	0	0	0	3	0	1	0	0	2	0	0	2	0	0	0	1	4	2	2	0	0	2	1	0	0	2	1	0	1	0	1	1	0	0	1	4	0	3	0	0	4	0	0	0	4	0	0	1	1	0	0	2	0	2	16	0	2	2	0	0	2	0	0	0	0	0	0	1	1	0	0	0
lighting	37	4	14	1	0	13	1	0	13	13	1	12	13	12	0	1	0	3	0	2	8	4	0	2	0	0	0	2	4	1	4	1	0	0	0	8	1	1	3	0	6	0	0	3	1	0	0	0	0	2	0	0	2	0	7	1	0	0	15	0	0	0	3	2	2	0	3	3	0	1	1	1	0	1	0	2	0	1	1	0	0	1	1	2	2	0	10	4	4	0	0	4	0	0	1	4	0	0	0	0	0	0	0	1	0	1	0	1	0	0	1	0	0	0	1	0	0	0	0	0	0	18	2	0	2	0	0	0	0	0	2	1	1	0	0	0	0	0	0	0	0	0
eating	30	13	13	7	7	11	7	8	11	11	7	8	16	8	5	3	5	4	8	5	14	12	2	4	2	0	0	4	7	0	7	0	0	0	2	1	0	0	0	0	2	2	3	5	0	1	0	0	1	1	0	1	1	0	2	0	0	1	3	2	0	0	4	4	4	0	1	1	0	0	0	0	0	3	0	1	0	0	2	0	0	2	0	0	0	1	4	2	2	0	0	2	1	0	0	2	1	0	1	0	1	1	0	0	1	4	0	3	0	0	4	0	0	0	4	0	0	1	1	0	0	2	16	2	0	0	2	2	0	0	2	0	0	0	0	0	0	1	1	0	0	0
nations	4	9	4	3	0	2	3	2	2	2	3	9	9	0	0	2	0	1	2	4	3	3	0	1	0	2	2	1	3	0	3	0	2	0	0	1	1	1	2	0	2	1	0	0	0	0	5	0	0	0	5	0	0	5	1	0	0	0	1	0	0	0	1	4	4	0	0	0	0	2	0	0	0	0	0	0	0	1	0	0	0	0	0	0	0	0	0	0	0	0	0	0	1	0	2	0	1	1	0	0	0	1	0	10	1	0	0	0	0	0	0	0	0	0	0	0	0	0	0	0	0	0	0	0	0	0	0	0	0	0	0	0	0	0	0	0	0	0	0	0	0	0
relationships	30	16	12	8	12	8	8	12	8	8	8	9	20	8	9	4	6	12	10	3	16	2	4	10	4	1	1	8	6	1	6	1	2	2	0	0	6	6	0	0	1	1	3	6	5	2	3	0	1	1	3	2	1	3	1	0	5	0	0	2	2	1	2	3	3	0	2	2	5	0	5	5	1	2	5	0	1	3	4	1	1	4	0	0	0	2	2	0	0	0	1	0	3	1	0	0	3	0	0	1	3	0	0	0	0	3	0	3	1	0	3	1	0	0	3	1	1	0	0	0	2	0	2	0	2	0	0	20	1	1	0	0	0	0	0	1	0	0	0	1	0	0
sex	30	16	12	8	12	8	8	12	8	8	8	9	20	8	9	4	6	12	10	3	16	2	4	10	4	1	1	8	6	1	6	1	2	2	0	0	6	6	0	0	1	1	3	6	5	2	3	0	1	1	3	2	1	3	1	0	5	0	0	2	2	1	2	3	3	0	2	2	5	0	5	5	1	2	5	0	1	3	4	1	1	4	0	0	0	2	2	0	0	0	1	0	3	1	0	0	3	0	0	1	3	0	0	0	0	3	0	3	1	0	3	1	0	0	3	1	1	0	0	0	2	0	2	0	2	0	20	0	1	1	0	0	0	0	0	1	0	0	0	1	0	0
crime	8	6	4	6	12	2	6	14	2	2	6	3	21	2	10	6	3	17	1	1	28	11	2	23	2	3	3	1	10	0	10	0	0	3	0	0	5	5	1	0	1	1	1	6	8	17	1	1	1	0	1	17	0	1	1	6	5	1	0	0	11	2	2	2	2	0	1	1	13	1	7	7	1	1	1	0	2	3	5	2	1	5	0	0	0	1	0	0	0	0	1	0	0	1	0	0	0	0	1	0	3	0	0	0	0	4	1	4	4	0	1	4	0	0	1	1	0	0	0	0	1	0	0	0	0	0	1	1	0	27	0	0	0	0	0	7	0	4	1	1	1	0
punishment	8	6	4	6	12	2	6	14	2	2	6	3	21	2	10	6	3	17	1	1	28	11	2	23	2	3	3	1	10	0	10	0	0	3	0	0	5	5	1	0	1	1	1	6	8	17	1	1	1	0	1	17	0	1	1	6	5	1	0	0	11	2	2	2	2	0	1	1	13	1	7	7	1	1	1	0	2	3	5	2	1	5	0	0	0	1	0	0	0	0	1	0	0	1	0	0	0	0	1	0	3	0	0	0	0	4	1	4	4	0	1	4	0	0	1	1	0	0	0	0	1	0	0	0	0	0	1	1	27	0	0	0	0	0	0	7	0	4	1	1	1	0
places	12	16	13	9	1	12	9	3	12	12	9	0	4	0	0	0	1	2	1	13	2	3	0	1	0	0	0	1	1	6	1	6	4	0	0	0	0	0	0	0	0	0	0	1	0	0	0	0	0	0	0	0	0	0	0	0	0	0	0	0	0	0	15	2	2	0	0	0	0	0	0	0	0	0	0	0	0	0	0	0	0	0	0	0	0	1	1	0	0	0	0	0	0	0	0	0	0	0	0	0	0	0	0	0	0	0	0	0	0	0	2	0	0	0	2	0	0	0	0	0	0	2	2	2	2	0	0	0	0	0	0	0	0	0	0	0	0	0	0	0	0	0
comment	0	1	0	0	0	0	0	0	0	0	0	0	6	0	0	0	0	0	0	0	1	0	0	3	0	0	0	2	1	0	1	0	0	0	0	0	0	0	0	0	0	1	0	0	1	0	1	2	0	0	1	0	0	1	0	0	0	0	1	0	0	0	0	0	0	0	0	0	0	0	1	1	0	0	0	0	0	0	0	0	0	0	8	0	0	0	1	1	1	0	0	1	0	0	0	1	0	5	1	0	0	0	1	0	0	0	0	0	0	0	0	0	0	1	0	0	0	0	0	0	0	1	0	1	0	0	0	0	0	0	0	0	0	0	0	0	0	0	0	1	0	0
sport	84	30	23	8	36	21	8	18	21	21	8	22	20	21	22	23	15	6	10	1	4	5	6	12	6	8	8	10	3	4	3	4	8	5	1	0	11	11	1	0	0	6	1	0	0	0	1	0	5	2	1	0	2	1	0	4	0	0	1	0	0	0	0	4	4	0	2	2	0	1	0	0	1	0	0	0	0	6	0	0	0	0	0	0	0	0	1	1	1	0	0	1	0	0	1	1	0	0	0	1	0	0	0	0	0	1	0	1	0	0	3	0	0	1	3	0	0	0	0	0	0	1	0	1	0	0	0	0	0	0	0	0	0	0	0	0	0	0	0	0	0	0
aquatic	3	1	1	1	2	1	1	0	1	1	1	1	1	1	0	0	2	1	0	0	0	0	1	3	1	0	0	1	0	0	0	0	0	1	1	0	2	2	0	0	0	0	0	0	0	0	0	0	0	0	0	0	0	0	0	0	0	0	0	0	0	1	0	0	0	0	0	0	0	0	0	0	0	1	0	0	0	1	0	0	1	0	0	0	0	1	0	0	0	0	1	0	0	1	0	0	0	0	0	0	0	0	0	0	0	0	0	0	0	0	0	0	0	0	0	0	0	0	0	0	0	0	0	0	0	0	0	0	0	0	0	0	0	0	2	0	2	0	0	0	0	0
fish	3	1	1	1	2	1	1	0	1	1	1	1	1	1	0	0	2	1	0	0	0	0	1	3	1	0	0	1	0	0	0	0	0	1	1	0	2	2	0	0	0	0	0	0	0	0	0	0	0	0	0	0	0	0	0	0	0	0	0	0	0	1	0	0	0	0	0	0	0	0	0	0	0	1	0	0	0	1	0	0	1	0	0	0	0	1	0	0	0	0	1	0	0	1	0	0	0	0	0	0	0	0	0	0	0	0	0	0	0	0	0	0	0	0	0	0	0	0	0	0	0	0	0	0	0	0	0	0	0	0	0	0	0	2	0	0	2	0	0	0	0	0
fantastic	1	2	1	1	6	1	1	10	1	1	1	0	11	0	4	3	3	10	0	1	16	4	1	24	1	0	0	2	3	0	3	0	0	2	0	1	2	2	0	0	1	0	1	4	3	9	0	0	0	1	0	9	1	0	1	3	5	0	0	0	6	5	0	0	0	0	0	0	7	0	3	3	0	0	0	0	1	1	3	1	4	3	0	0	0	0	0	1	1	1	1	1	1	1	0	1	1	1	0	0	6	0	0	0	0	0	0	0	1	0	0	1	0	1	0	1	0	0	0	0	0	0	0	0	0	0	1	1	7	7	0	0	0	0	0	0	0	0	0	0	0	0
life	3	1	1	1	2	1	1	0	1	1	1	1	1	1	0	0	2	1	0	0	0	0	1	3	1	0	0	1	0	0	0	0	0	1	1	0	2	2	0	0	0	0	0	0	0	0	0	0	0	0	0	0	0	0	0	0	0	0	0	0	0	1	0	0	0	0	0	0	0	0	0	0	0	1	0	0	0	1	0	0	1	0	0	0	0	1	0	0	0	0	1	0	0	1	0	0	0	0	0	0	0	0	0	0	0	0	0	0	0	0	0	0	0	0	0	0	0	0	0	0	0	0	0	0	0	0	0	0	0	0	0	0	0	2	2	0	0	0	0	0	0	0
literary	3	1	1	0	3	1	0	10	1	1	0	1	12	1	3	4	0	14	1	0	12	3	2	0	2	1	1	0	8	0	8	0	0	2	0	1	0	0	3	0	2	0	0	3	4	11	1	1	1	1	1	11	1	1	2	4	2	1	0	0	11	1	2	0	0	0	0	0	4	3	4	4	0	0	1	1	1	0	1	1	1	1	0	0	0	1	0	1	1	0	1	1	2	1	1	1	2	0	2	0	2	0	1	0	0	4	0	2	0	0	0	0	0	0	0	0	0	0	0	0	0	0	1	0	1	0	0	0	4	4	0	0	0	0	0	0	0	0	1	0	2	0
service	3	1	1	1	1	1	1	0	1	1	1	1	4	1	1	1	0	3	2	0	1	2	0	0	0	1	1	0	0	0	0	0	0	0	0	0	0	0	2	0	1	1	0	1	0	1	2	0	0	0	2	1	0	2	0	1	1	4	0	0	2	0	1	0	0	0	1	1	0	2	0	0	0	1	0	0	0	0	0	0	0	0	1	0	0	0	1	1	1	0	0	1	0	0	2	1	0	0	2	0	0	0	0	0	0	1	0	1	0	1	0	0	1	0	0	0	0	0	0	0	0	0	1	0	1	0	0	0	1	1	0	0	0	0	0	0	0	1	0	0	1	0
ethnicity	5	8	4	4	0	1	4	2	1	1	4	1	8	0	0	2	2	4	5	3	9	6	2	12	2	2	2	5	2	0	2	0	2	2	0	0	0	0	1	0	1	4	2	2	3	5	2	0	1	0	2	4	0	2	1	0	2	0	0	0	0	2	2	2	2	0	1	1	3	1	3	3	1	2	2	0	2	0	3	2	0	3	2	0	0	3	1	1	1	0	0	1	0	0	0	1	0	2	2	1	2	0	2	0	0	2	0	2	5	1	1	5	1	2	1	2	0	0	0	0	0	0	0	0	0	0	1	1	1	1	0	1	0	0	0	0	0	0	0	0	0	0
miscellaneous	31	15	9	7	17	6	7	3	6	6	7	9	10	8	8	9	9	5	3	0	4	9	1	2	1	1	1	2	1	3	1	3	0	1	0	0	0	0	0	0	0	2	0	1	2	2	2	1	0	2	2	2	2	2	0	2	2	4	0	3	3	1	0	2	2	3	3	3	1	0	1	1	1	0	0	0	0	0	2	0	1	2	0	0	0	0	2	0	0	1	1	0	0	1	0	0	0	0	1	2	1	0	1	0	0	0	1	0	0	0	5	0	0	0	5	0	2	1	1	0	0	0	0	0	0	0	0	0	1	1	0	0	0	0	0	0	0	2	1	0	0	0
workspaces	0	2	0	0	0	0	0	0	0	0	0	0	2	0	0	0	0	0	0	0	0	0	0	3	0	0	0	2	0	0	0	0	0	0	0	0	4	4	0	0	0	0	0	0	0	0	0	0	0	0	0	0	0	0	0	0	0	0	0	0	0	0	0	1	1	0	0	0	0	0	0	0	0	0	0	0	0	3	0	0	0	0	0	0	0	0	0	0	0	0	0	0	0	0	0	0	0	0	0	0	0	0	0	0	0	0	0	0	0	0	0	0	0	1	0	0	0	1	1	0	0	0	0	0	0	0	0	0	0	0	0	0	0	0	0	0	0	0	0	0	0	0
